10124,60803163400,3,2,"31 32"
10124,70829162646,1,13,"124 125 126 127 128 148 149 154 155 156 157 225 226"
10124,70829162646,3,3,"73 74 75"
10125,70928185843,3,2,"5 6"
10125,70928185843,4,7,"84 85 138 139 167 168 169"
10129,70811094021,2,6,"223 224 226 227 230 231"
10129,70811094021,3,5,"107 108 109 115 116"
10129,81007163419,1,10,"2 3 111 112 113 114 115 116 127 128"
10129,81007163419,2,2,"143 144"
10129,90825164254,1,11,"74 75 201 202 218 219 220 221 222 232 233"
10129,90825164254,2,11,"93 94 106 107 170 171 219 220 221 241 242"
10129,90825164254,3,4,"79 80 223 224"
10129,90825164254,4,2,"222 223"
10132,80104102455,3,2,"39 40"
10133,61102162341,2,6,"163 164 184 185 186 187"
10133,61102162341,3,19,"4 5 6 37 38 71 72 73 74 134 135 142 143 182 183 193 194 196 197"
10133,61102162341,4,17,"18 19 20 21 81 82 83 113 114 115 116 165 166 167 168 225 226"
10133,71204164954,3,4,"65 66 242 243"
10133,71204164954,4,7,"147 148 152 153 202 203 204"
10133,81217175148,1,4,"185 186 187 188"
10136,60715095530,3,2,"48 49"
10138,80923164610,4,2,"193 194"
10152,60701141725,1,3,"84 85 86"
10152,60701141725,2,2,"56 57"
10156,70707110749,2,2,"232 233"
10156,70707110749,4,2,"106 107"
10156,90711092619,3,2,"79 80"
10163,60731163209,1,2,"117 118"
10167,70630100110,3,6,"110 111 112 113 161 162"
10167,90512163950,3,15,"14 15 17 18 19 32 33 34 35 53 54 55 59 60 61"
10167,90512163950,4,6,"50 51 116 117 210 211"
10169,60603111511,1,2,"53 54"
10169,60603111511,4,2,"59 60"
10169,70303141816,2,2,"219 220"
10169,70303141816,4,14,"185 186 190 191 214 215 216 217 218 224 225 226 227 228"
10169,90613104355,1,10,"110 111 112 113 114 186 187 188 192 193"
10169,90613104355,2,3,"194 195 196"
10169,90613104355,3,9,"35 36 37 69 70 133 134 152 153"
10170,60603094618,3,2,"32 33"
10173,51128162845,3,2,"164 165"
10173,61207160743,3,4,"217 218 220 221"
10173,70818092539,4,4,"10 11 12 13"
10174,70509163727,3,2,"134 135"
10174,70509163727,4,8,"108 109 220 221 240 241 243 244"
10174,90822095301,2,2,"226 227"
10174,90822095301,4,2,"18 19"
10175,61113164758,3,2,"230 231"
10175,61113164758,4,8,"107 108 109 110 135 136 137 138"
10175,71203174809,1,3,"22 23 24"
10175,71203174809,2,15,"81 82 83 84 85 189 190 191 192 193 238 239 240 242 243"
10175,71203174809,3,6,"174 175 238 239 240 241"
10175,71203174809,4,35,"9 10 11 12 50 51 52 53 59 60 61 62 74 75 112 113 114 115 116 124 125 126 127 128 163 164 202 203 204 205 206 217 218 219 220"
10175,81218165427,1,2,"20 21"
10175,81218165427,2,5,"5 6 144 145 146"
10175,100608164143,1,12,"57 58 59 158 159 160 185 186 187 190 191 192"
10175,100608164143,4,4,"166 167 229 230"
10176,80818174804,4,5,"160 161 162 205 206"
10176,90601165056,2,5,"231 232 233 234 235"
10177,60408131155,1,7,"81 82 84 85 86 109 110"
10177,70329161609,1,2,"197 198"
10177,70329161609,2,6,"16 17 25 26 153 154"
10177,70329161609,3,14,"54 55 56 57 65 66 89 90 91 158 159 160 205 206"
10177,70329161609,4,6,"94 95 168 169 212 213"
10181,80102135908,3,2,"13 14"
10181,80102135908,4,10,"136 137 153 154 155 180 181 182 184 185"
10181,90112162233,1,4,"165 166 203 204"
10181,90112162233,2,8,"33 34 50 51 148 149 228 229"
10181,90112162233,3,5,"144 145 200 201 202"
10181,90112162233,4,2,"69 70"
10181,91221171127,1,12,"38 39 174 175 176 177 183 184 211 212 222 223"
10181,91221171127,2,6,"20 21 126 127 134 135"
10181,91221171127,3,13,"35 36 38 39 54 55 56 133 134 135 136 221 222"
10181,91221171127,4,7,"124 125 126 169 170 220 221"
10183,70526133033,2,5,"34 35 39 40 41"
10183,80517105037,2,13,"68 69 70 71 72 88 89 116 117 118 224 225 226"
10183,80517105037,3,19,"8 9 10 24 25 26 27 28 29 108 109 113 114 209 210 215 216 217 218"
10183,80517105037,4,5,"26 27 28 164 165"
10183,90214104001,2,2,"122 123"
10183,90214104001,4,2,"94 95"
10184,51210154516,1,6,"139 140 141 160 161 162"
10184,51210154516,2,36,"32 33 34 38 39 42 43 44 46 47 51 52 53 74 75 76 77 78 111 112 114 115 116 117 118 119 153 154 155 158 159 200 201 202 203 204"
10184,51210154516,3,16,"8 9 33 34 76 77 78 91 92 93 94 95 210 211 212 213"
10184,51210154516,4,19,"45 46 47 48 49 50 51 53 54 55 56 60 61 125 126 127 128 130 131"
10184,70526120937,4,16,"175 176 177 182 183 184 185 192 193 194 195 218 219 228 229 230"
10184,101120153518,2,2,"223 224"
10184,101120153518,4,8,"161 162 163 164 180 181 198 199"
10188,71017164109,4,2,"115 116"
10189,70607155349,4,3,"218 219 220"
10192,90314095150,2,2,"25 26"
10192,90314095150,4,2,"10 11"
10192,100112164802,4,2,"86 87"
10193,90411105408,2,2,"209 210"
10193,90411105408,3,4,"10 11 101 102"
10193,100116124302,3,16,"85 86 137 138 139 140 141 186 187 188 189 190 214 215 216 217"
10193,100116124302,4,4,"28 29 30 31"
10194,70124170122,3,2,"160 161"
10194,71208101125,4,4,"67 68 69 70"
10195,61030164251,4,3,"126 127 128"
10195,71020094131,1,2,"233 234"
10195,71020094131,2,3,"158 159 160"
10196,60114162842,2,2,"230 231"
10196,60114162842,3,14,"93 94 102 103 104 105 199 200 201 202 219 220 224 225"
10196,60114162842,4,11,"66 67 70 71 114 115 116 222 223 224 225"
10199,60113155611,2,14,"103 104 106 107 108 112 113 114 115 116 128 129 139 140"
10199,60113155611,3,2,"144 145"
10200,60202162452,2,7,"25 26 95 96 221 222 223"
10200,60202162452,3,6,"37 38 40 41 118 119"
10200,60202162452,4,15,"26 27 28 111 112 113 114 152 153 176 177 211 212 213 214"
10201,60126163236,1,4,"176 177 220 221"
10201,60126163236,4,5,"107 108 129 130 131"
10201,61209150256,4,2,"60 61"
10202,60123155345,3,2,"84 85"
10202,60123155345,4,5,"50 51 236 237 238"
10202,61118094506,3,8,"22 23 156 157 163 164 190 191"
10202,61118094506,4,2,"130 131"
10202,71218142651,4,2,"221 222"
10215,60218111508,2,2,"220 221"
10215,80126114813,1,8,"44 45 46 217 218 219 220 221"
10215,80126114813,2,2,"67 68"
10215,80126114813,3,2,"153 154"
10215,80126114813,4,6,"92 93 140 141 182 183"
10216,70331101022,1,2,"196 197"
10217,60227161522,1,2,"185 186"
10217,60227161522,2,2,"167 168"
10220,71121101733,4,19,"3 4 5 6 7 11 12 13 14 18 19 25 26 27 28 31 32 33 34"
10220,81203162435,3,6,"140 141 143 144 231 232"
10220,81203162435,4,11,"27 28 29 30 123 124 153 154 155 156 157"
10221,60211150100,1,2,"76 77"
10222,60311142900,4,2,"128 129"
10223,80619123313,2,9,"81 82 178 179 216 217 218 221 222"
10223,80619123313,3,2,"210 211"
10223,80619123313,4,5,"103 104 105 111 112"
10226,70614160046,1,4,"81 82 83 84"
10226,70614160046,2,35,"32 33 34 35 36 116 117 118 119 120 121 135 136 137 138 139 140 175 176 179 180 183 184 185 186 187 188 189 219 220 221 222 223 224 225"
10226,70614160046,3,9,"85 86 87 105 106 134 135 136 137"
10226,70614160046,4,15,"106 107 108 109 110 181 182 188 189 219 220 236 237 241 242"
10226,100505160750,1,10,"211 212 213 214 215 216 217 218 219 220"
10226,100505160750,2,5,"8 9 10 11 12"
10226,100505160750,3,9,"25 26 88 89 90 91 111 112 113"
10241,80327161039,4,2,"124 125"
10248,80520161259,1,2,"12 13"
10248,90318160554,1,4,"10 11 17 18"
10252,60504160339,1,22,"136 137 138 139 141 142 151 152 153 154 155 156 157 158 160 161 162 163 164 219 220 221"
10252,60504160339,3,9,"12 13 221 222 223 224 225 227 228"
10252,60504160339,4,2,"136 137"
10252,80626115126,1,4,"47 48 50 51"
10252,80626115126,2,8,"53 54 71 72 74 75 78 79"
10252,80626115126,3,21,"23 24 65 66 67 68 69 70 71 80 81 127 128 135 136 137 180 181 208 209 210"
10252,90513130200,3,6,"108 109 205 206 208 209"
10252,110209160202,3,2,"19 20"
10256,60408142558,1,20,"15 16 17 18 82 83 111 112 113 127 128 129 130 131 148 149 181 182 183 184"
10256,60408142558,2,23,"105 106 107 108 109 117 118 119 120 151 152 153 155 156 189 190 191 192 219 220 221 222 223"
10256,60408142558,3,15,"51 52 53 110 111 112 140 141 142 143 173 174 175 176 177"
10263,70924093111,4,4,"52 53 54 55"
10273,60427161210,3,12,"163 164 174 175 176 177 217 218 232 233 239 240"
10273,60427161210,4,2,"2 3"
10279,111217135911,4,2,"48 49"
10280,60513144142,4,8,"64 65 74 75 76 77 168 169"
10280,70623150331,1,30,"2 3 4 5 62 63 64 65 66 67 138 139 140 160 161 162 163 174 175 176 204 205 236 237 238 239 240 241 242 243"
10280,70623150331,2,59,"12 13 14 15 16 17 18 19 20 21 23 24 26 27 28 29 30 50 51 52 53 54 67 68 69 70 71 72 91 92 126 127 128 138 139 140 141 142 143 152 153 154 195 196 197 198 199 200 201 202 203 204 205 206 207 213 214 215 216"
10280,70623150331,3,28,"5 6 7 8 140 141 142 143 144 152 153 163 164 167 168 169 173 174 175 176 177 178 179 180 181 182 183 184"
10280,70623150331,4,32,"12 13 14 15 60 61 62 63 64 65 117 118 119 120 149 150 151 152 153 154 223 224 225 226 227 229 230 231 232 234 235 236"
10300,80612092638,4,2,"201 202"
10300,90617130615,1,3,"67 68 69"
10300,90617130615,4,2,"118 119"
10300,100616160410,2,4,"229 230 231 232"
10300,100616160410,4,3,"20 21 22"
10305,60608161920,4,7,"93 94 109 110 111 114 115"
10306,60525161836,1,2,"219 220"
10315,60710164540,4,5,"220 221 222 223 224"
10315,70705141414,1,2,"134 135"
10315,70705141414,3,2,"111 112"
10315,70705141414,4,2,"1 2"
10316,60622160621,3,2,"73 74"
10316,70503161125,1,3,"206 207 208"
10316,70503161125,2,2,"207 208"
10316,70503161125,3,6,"132 133 134 135 181 182"
10316,80605134427,2,4,"219 220 221 222"
10316,90514143105,3,4,"21 22 23 24"
10316,90514143105,4,9,"8 9 11 12 118 119 120 121 122"
10323,60713162654,1,2,"150 151"
10323,60713162654,2,2,"120 121"
10329,70703160046,1,2,"234 235"
10329,70703160046,2,2,"1 2"
10329,70703160046,4,2,"116 117"
10329,81112163540,2,2,"10 11"
10329,90625142442,1,4,"105 106 107 108"
10329,90625142442,2,5,"147 148 149 151 152"
10329,90625142442,3,12,"38 39 40 41 42 43 44 45 189 190 230 231"
10330,60729155605,1,2,"14 15"
10335,60828164606,1,4,"99 100 101 102"
10335,60828164606,2,4,"115 116 118 119"
10335,60828164606,3,13,"9 10 85 86 100 101 103 104 105 108 109 130 131"
10335,60828164606,4,4,"135 136 182 183"
10335,70703143841,1,6,"132 133 134 135 136 137"
10335,70703143841,2,5,"83 84 85 195 196"
10335,70703143841,3,31,"9 10 11 12 13 50 51 52 53 54 56 57 66 67 68 147 148 157 158 159 162 163 164 165 166 182 183 184 185 186 187"
10335,70703143841,4,22,"70 71 72 73 74 75 91 92 93 105 106 107 158 159 160 161 162 231 232 233 234 235"
10335,81013170955,2,8,"14 15 90 91 92 93 192 193"
10335,90624125324,4,4,"74 75 114 115"
10335,100526163138,1,3,"192 193 194"
10335,100526163138,2,6,"81 82 173 174 189 190"
10335,100526163138,3,2,"128 129"
10335,100526163138,4,4,"15 16 160 161"
10336,60824162803,3,2,"31 32"
10336,60824162803,4,15,"11 12 64 65 66 74 75 76 77 78 79 186 187 188 189"
10339,60921161720,1,4,"219 220 221 222"
10339,60921161720,2,4,"117 118 119 120"
10339,60921161720,4,2,"107 108"
10345,60914160717,4,5,"106 107 108 116 117"
10359,61023171040,2,2,"208 209"
10359,70912170128,2,12,"28 29 52 53 54 55 93 94 134 135 136 137"
10360,61111142529,1,2,"74 75"
10360,61111142529,2,4,"147 148 177 178"
10360,61111142529,4,6,"111 112 129 130 131 132"
10361,61111160713,2,6,"107 108 110 111 220 221"
10361,61111160713,3,4,"138 139 144 145"
10361,61111160713,4,10,"25 26 32 33 106 107 108 109 110 111"
10365,81108105920,1,7,"43 44 45 64 65 222 223"
10365,81108105920,2,5,"113 114 115 149 150"
10365,81108105920,3,4,"42 43 238 239"
10365,81108105920,4,12,"102 103 105 106 107 128 129 130 190 191 238 239"
10365,91027163830,1,18,"27 28 90 91 92 93 95 96 113 114 174 175 177 178 183 184 228 229"
10365,91027163830,2,4,"112 113 124 125"
10365,91027163830,3,6,"82 83 86 87 113 114"
10365,91027163830,4,2,"124 125"
10368,71217175324,3,4,"220 221 222 223"
10368,71217175324,4,2,"89 90"
10370,71117094359,2,5,"53 54 55 219 220"
10370,71117094359,3,9,"9 10 11 12 25 26 124 125 126"
10370,71117094359,4,6,"128 129 174 175 231 232"
10370,91201153121,3,2,"219 220"
10370,91201153121,4,4,"146 147 165 166"
10370,101120135335,3,3,"135 136 137"
10385,71114164529,1,4,"235 236 237 238"
10385,81217155500,2,2,"27 28"
10385,81217155500,4,5,"24 25 91 92 93"
10408,70407160819,2,7,"57 58 223 224 227 228 229"
10408,70407160819,3,10,"9 10 60 61 62 71 72 73 109 110"
10408,70407160819,4,4,"52 53 56 57"
10408,80522155832,4,4,"12 13 14 15"
10408,90623163517,2,4,"88 89 91 92"
10408,90623163517,4,4,"197 198 206 207"
10408,101201164822,4,5,"222 223 233 234 235"
10451,71218163034,4,3,"141 142 143"
10451,81208165655,4,2,"140 141"
10470,91114105319,2,8,"27 28 33 34 206 207 220 221"
10470,91114105319,4,5,"73 74 102 103 104"
10470,101218141509,3,2,"243 244"
10472,71107164950,2,5,"227 228 242 243 244"
10472,71107164950,3,2,"119 120"
10472,71107164950,4,2,"122 123"
10472,81117161855,2,4,"123 124 221 222"
10472,81117161855,3,8,"15 16 22 23 24 25 219 220"
10472,81117161855,4,9,"28 29 30 60 61 141 142 143 144"
10477,81118152142,1,18,"68 69 130 131 136 137 175 176 178 179 190 191 192 202 203 204 205 206"
10477,81118152142,2,2,"115 116"
10477,81118152142,3,46,"2 3 4 5 6 31 32 33 34 35 36 41 42 43 44 45 48 49 50 51 52 53 54 55 56 57 62 63 64 65 89 90 91 92 93 95 96 207 208 210 211 212 228 229 230 231"
10479,71110114750,4,3,"22 23 24"
10479,101120120436,3,2,"106 107"
10480,101023122142,2,5,"229 230 234 235 236"
10480,101023122142,4,2,"216 217"
10483,71215101236,4,2,"59 60"
10483,90202162031,1,4,"218 219 220 221"
10483,90202162031,2,2,"130 131"
10483,90202162031,3,2,"183 184"
10483,90202162031,4,6,"123 124 241 242 243 244"
10485,71106142917,3,2,"50 51"
10485,71106142917,4,4,"24 25 215 216"
10486,80129184609,1,16,"111 112 196 197 198 199 212 213 224 225 226 227 228 229 234 235"
10486,80129184609,2,39,"1 2 12 13 21 22 48 49 60 61 75 76 125 126 127 134 135 151 152 153 179 180 185 186 200 201 202 211 212 213 214 215 223 224 225 234 235 242 243"
10486,80129184609,3,23,"118 119 120 121 156 157 173 174 175 189 190 191 209 210 211 212 213 223 224 238 239 240 241"
10486,80129184609,4,24,"3 4 5 6 7 19 20 46 47 127 128 129 130 131 176 177 218 219 220 221 222 223 239 240"
10489,71112145825,2,5,"96 97 100 101 102"
10489,71112145825,3,5,"28 29 30 211 212"
10492,71126090657,1,19,"140 141 142 143 144 150 151 156 157 176 177 203 204 205 206 207 208 242 243"
10492,71126090657,3,44,"52 53 62 63 65 66 68 69 93 94 95 103 104 105 106 150 151 154 155 156 160 161 188 189 190 191 193 194 200 201 205 206 207 208 216 217 221 222 229 230 234 235 242 243"
10492,71126090657,4,65,"3 4 8 9 10 11 17 18 19 20 32 33 34 44 45 46 47 88 89 90 93 94 95 104 105 108 109 110 111 112 123 124 138 139 140 141 143 144 173 174 185 186 188 189 190 191 204 205 206 207 214 215 216 217 225 226 228 229 230 238 239 240 241 242 243"
10500,80115174945,4,9,"137 138 151 152 188 189 217 218 219"
10527,90711105546,1,12,"60 61 62 63 103 104 105 106 150 151 152 153"
10527,100626104222,2,14,"1 2 14 15 24 25 176 177 178 179 180 181 182 183"
10527,100626104222,3,19,"31 32 33 34 35 36 37 38 39 144 145 146 147 148 149 210 211 212 213"
10527,100626104222,4,19,"61 62 63 64 65 66 67 68 69 145 146 147 148 225 226 227 228 229 230"
10529,90325152209,1,2,"93 94"
10529,90325152209,3,2,"35 36"
10529,100104163307,4,2,"171 172"
10807,100503163517,1,11,"21 22 23 138 139 140 141 160 161 162 163"
10807,100503163517,2,6,"73 74 75 76 105 106"
10807,100503163517,4,20,"43 44 45 46 48 49 50 51 52 54 55 56 57 58 162 163 191 192 201 202"
10816,100429161903,3,2,"25 26"
10820,110601171939,2,8,"16 17 28 29 89 90 143 144"
10820,110601171939,3,9,"128 129 173 174 217 218 241 242 243"
10825,100609160740,3,6,"215 216 219 220 235 236"
10869,101208165124,1,2,"49 50"
10869,101208165124,3,2,"175 176"
10869,101208165124,4,5,"104 105 106 229 230"
99999,60803163400,3,2,"31 32"
